Cf=2*1500*180/pi;
Cr=2*1725*180/pi;
Iz=3000;
lf=1.5;
lr=1.37;
m=2000;
Ts=0.05;
v0_ego=20;
x0_ego=0;
y0_ego=0;
yaw0_ego=0;
Gi=16;

